1) 267 main
2) 274 (
3) 275 )
4) 276 {
5) 269 int
6) 267 aux
7) 279 ,
8) 267 cont
9) 279 ,
10) 267 a
11) 272 ;
12) 267 a
13) 278 =
14) 266 10
15) 272 ;
16) 267 aux
17) 278 =
18) 267 a
19) 272 ;
20) 256 if
21) 274 (
22) 266 1
23) 275 )
24) 267 teste
25) 278 =
26) 266 0
27) 272 ;
28) 256 if
29) 274 (
30) 275 )
31) 267 a
32) 278 =
33) 267 a
34) 281 +
35) 266 1
36) 272 ;
37) 268 else
38) 267 a
39) 278 =
40) 267 a
41) 282 -
42) 266 1
43) 272 ;
44) 277 }

TABELA DE SIMBOLOS
0 - main
1 - aux
2 - cont
3 - a
4 - teste
